   0.8340000000000000E+01   0.0000000000000000E+00   0.0000000000000000E+00   0.0000000000000000E+00  -0.8807659201546766E-10   0.1078627164915498E-25
   0.8340000000000000E+01  -0.8807659201546764E-10   0.1078627164915498E-25  -0.9301542039639255E-21  -0.8807659201546766E-10   0.1078627164915498E-25
   0.8340000000000000E+01   0.0000000000000000E+00   0.0000000000000000E+00   0.0000000000000000E+00  -0.8807659201546766E-10   0.1078627164915498E-25
   0.8340000000000000E+01  -0.1761531840309353E-09   0.2157254329830996E-25  -0.1860308407927852E-20  -0.8807659201546766E-10   0.1078627164915498E-25
   0.8340000000000000E+01   0.0000000000000000E+00   0.0000000000000000E+00   0.0000000000000000E+00  -0.8807659201546766E-10   0.1078627164915498E-25
   0.8340000000000000E+01  -0.2642297760464029E-09   0.3235881494746497E-25  -0.2790462611891779E-20  -0.8807659201546766E-10   0.1078627164915498E-25
   0.8340000000000000E+01   0.0000000000000000E+00   0.0000000000000000E+00   0.0000000000000000E+00  -0.8807659201546766E-10   0.1078627164915498E-25
   0.8340000000000000E+01  -0.3523063680618705E-09   0.4314508659661997E-25  -0.3720616815855703E-20  -0.8807659201546766E-10   0.1078627164915498E-25
   0.8340000000000000E+01   0.0000000000000000E+00   0.0000000000000000E+00   0.0000000000000000E+00  -0.8807659201546766E-10   0.1078627164915498E-25
   0.8340000000000000E+01  -0.4403829600773382E-09   0.5393135824577497E-25  -0.4650771019819627E-20  -0.8807659201546766E-10   0.1078627164915498E-25
   0.8340000000000000E+01   0.0000000000000000E+00   0.0000000000000000E+00   0.0000000000000000E+00  -0.8807659201546766E-10   0.1078627164915498E-25
   0.8340000000000000E+01  -0.5284595520928058E-09   0.6471762989492998E-25  -0.5580925223783551E-20  -0.8807659201546766E-10   0.1078627164915498E-25
   0.8340000000000000E+01   0.0000000000000000E+00   0.0000000000000000E+00   0.0000000000000000E+00  -0.8807659201546766E-10   0.1078627164915498E-25
   0.8340000000000000E+01  -0.6165361441082735E-09   0.7550390154408498E-25  -0.6511079427747474E-20  -0.8807659201546766E-10   0.1078627164915498E-25
   0.8340000000000000E+01   0.0000000000000000E+00   0.0000000000000000E+00   0.0000000000000000E+00  -0.8807659201546766E-10   0.1078627164915498E-25
   0.8340000000000000E+01  -0.7046127361237410E-09   0.8629017319323999E-25  -0.7441233631711396E-20  -0.8807659201546766E-10   0.1078627164915498E-25
   0.8340000000000000E+01   0.0000000000000000E+00   0.0000000000000000E+00   0.0000000000000000E+00  -0.8807659201546766E-10   0.1078627164915498E-25
   0.8340000000000000E+01  -0.7926893281392086E-09   0.9707644484239498E-25  -0.8371387835675320E-20  -0.8807659201546766E-10   0.1078627164915498E-25
   0.8340000000000000E+01   0.0000000000000000E+00   0.0000000000000000E+00   0.0000000000000000E+00  -0.8807659201546766E-10   0.1078627164915498E-25
   0.8340000000000000E+01  -0.8807659201546763E-09   0.1078627164915499E-24  -0.9301542039639243E-20  -0.8807659201546766E-10   0.1078627164915498E-25
   0.8340000000000000E+01   0.0000000000000000E+00   0.0000000000000000E+00   0.0000000000000000E+00  -0.8807659201546766E-10   0.1078627164915498E-25
   0.8340000000000000E+01  -0.9688425121701439E-09   0.1186489881407048E-24  -0.1023169624360317E-19  -0.8807659201546766E-10   0.1078627164915498E-25
   0.8340000000000000E+01   0.0000000000000000E+00   0.0000000000000000E+00   0.0000000000000000E+00  -0.8807659201546766E-10   0.1078627164915498E-25
   0.8340000000000000E+01  -0.1056919104185611E-08   0.1294352597898597E-24  -0.1116185044756709E-19  -0.8807659201546766E-10   0.1078627164915498E-25
   0.8340000000000000E+01   0.0000000000000000E+00   0.0000000000000000E+00   0.0000000000000000E+00  -0.8807659201546766E-10   0.1078627164915498E-25
   0.8340000000000000E+01  -0.1144995696201079E-08   0.1402215314390145E-24  -0.1209200465153101E-19  -0.8807659201546766E-10   0.1078627164915498E-25
   0.8340000000000000E+01   0.0000000000000000E+00   0.0000000000000000E+00   0.0000000000000000E+00  -0.8807659201546766E-10   0.1078627164915498E-25
   0.8340000000000000E+01  -0.1233072288216547E-08   0.1510078030881694E-24  -0.1302215885549494E-19  -0.8807659201546766E-10   0.1078627164915498E-25
   0.8340000000000000E+01   0.0000000000000000E+00   0.0000000000000000E+00   0.0000000000000000E+00  -0.8807659201546766E-10   0.1078627164915498E-25
   0.8340000000000000E+01  -0.1321148880232014E-08   0.1617940747373243E-24  -0.1395231305945886E-19  -0.8807659201546766E-10   0.1078627164915498E-25
   0.8340000000000000E+01   0.0000000000000000E+00   0.0000000000000000E+00   0.0000000000000000E+00  -0.8807659201546766E-10   0.1078627164915498E-25
   0.8340000000000000E+01  -0.1409225472247482E-08   0.1725803463864792E-24  -0.1488246726342279E-19  -0.8807659201546766E-10   0.1078627164915498E-25
   0.8340000000000000E+01   0.0000000000000000E+00   0.0000000000000000E+00   0.0000000000000000E+00  -0.8807659201546766E-10   0.1078627164915498E-25
   0.8340000000000000E+01  -0.1497302064262950E-08   0.1833666180356341E-24  -0.1581262146738671E-19  -0.8807659201546766E-10   0.1078627164915498E-25
   0.8340000000000000E+01   0.0000000000000000E+00   0.0000000000000000E+00   0.0000000000000000E+00  -0.8807659201546766E-10   0.1078627164915498E-25
   0.8340000000000000E+01  -0.1585378656278417E-08   0.1941528896847890E-24  -0.1674277567135064E-19  -0.8807659201546766E-10   0.1078627164915498E-25
   0.8340000000000000E+01   0.0000000000000000E+00   0.0000000000000000E+00   0.0000000000000000E+00  -0.8807659201546766E-10   0.1078627164915498E-25
   0.8340000000000000E+01  -0.1673455248293885E-08   0.2049391613339440E-24  -0.1767292987531456E-19  -0.8807659201546766E-10   0.1078627164915498E-25
   0.8340000000000000E+01   0.0000000000000000E+00   0.0000000000000000E+00   0.0000000000000000E+00  -0.8807659201546766E-10   0.1078627164915498E-25
   0.8340000000000000E+01  -0.1761531840309352E-08   0.2157254329830991E-24  -0.1860308407927848E-19  -0.8807659201546766E-10   0.1078627164915498E-25
   0.8340000000000000E+01   0.0000000000000000E+00   0.0000000000000000E+00   0.0000000000000000E+00  -0.8807659201546766E-10   0.1078627164915498E-25
   0.8340000000000000E+01  -0.1849608432324821E-08   0.2265117046322542E-24  -0.1953323828324240E-19  -0.8807659201546766E-10   0.1078627164915498E-25
   0.8340000000000000E+01   0.0000000000000000E+00   0.0000000000000000E+00   0.0000000000000000E+00  -0.8807659201546766E-10   0.1078627164915498E-25
   0.8340000000000000E+01  -0.1937685024340291E-08   0.2372979762814093E-24  -0.2046339248720633E-19  -0.8807659201546766E-10   0.1078627164915498E-25
   0.8340000000000000E+01   0.0000000000000000E+00   0.0000000000000000E+00   0.0000000000000000E+00  -0.8807659201546766E-10   0.1078627164915498E-25
   0.8340000000000000E+01  -0.2025761616355761E-08   0.2480842479305645E-24  -0.2139354669117025E-19  -0.8807659201546766E-10   0.1078627164915498E-25
   0.8340000000000000E+01   0.0000000000000000E+00   0.0000000000000000E+00   0.0000000000000000E+00  -0.8807659201546766E-10   0.1078627164915498E-25
   0.8340000000000000E+01  -0.2113838208371230E-08   0.2588705195797196E-24  -0.2232370089513418E-19  -0.8807659201546766E-10   0.1078627164915498E-25
   0.8340000000000000E+01   0.0000000000000000E+00   0.0000000000000000E+00   0.0000000000000000E+00  -0.8807659201546766E-10   0.1078627164915498E-25
   0.8340000000000000E+01  -0.2201914800386700E-08   0.2696567912288747E-24  -0.2325385509909810E-19  -0.8807659201546766E-10   0.1078627164915498E-25
   0.8340000000000000E+01   0.0000000000000000E+00   0.0000000000000000E+00   0.0000000000000000E+00  -0.8807659201546766E-10   0.1078627164915498E-25
   0.8340000000000000E+01  -0.2289991392402170E-08   0.2804430628780298E-24  -0.2418400930306202E-19  -0.8807659201546766E-10   0.1078627164915498E-25
   0.8340000000000000E+01   0.0000000000000000E+00   0.0000000000000000E+00   0.0000000000000000E+00  -0.8807659201546766E-10   0.1078627164915498E-25
   0.8340000000000000E+01  -0.2378067984417639E-08   0.2912293345271849E-24  -0.2511416350702595E-19  -0.8807659201546766E-10   0.1078627164915498E-25
   0.8340000000000000E+01   0.0000000000000000E+00   0.0000000000000000E+00   0.0000000000000000E+00  -0.8807659201546766E-10   0.1078627164915498E-25
   0.8340000000000000E+01  -0.2466144576433109E-08   0.3020156061763401E-24  -0.2604431771098987E-19  -0.8807659201546766E-10   0.1078627164915498E-25
   0.8340000000000000E+01   0.0000000000000000E+00   0.0000000000000000E+00   0.0000000000000000E+00  -0.8807659201546766E-10   0.1078627164915498E-25
   0.8340000000000000E+01  -0.2554221168448579E-08   0.3128018778254952E-24  -0.2697447191495381E-19  -0.8807659201546766E-10   0.1078627164915498E-25
   0.8340000000000000E+01   0.0000000000000000E+00   0.0000000000000000E+00   0.0000000000000000E+00  -0.8807659201546766E-10   0.1078627164915498E-25
   0.8340000000000000E+01  -0.2642297760464049E-08   0.3235881494746503E-24  -0.2790462611891776E-19  -0.8807659201546766E-10   0.1078627164915498E-25
   0.8340000000000000E+01   0.0000000000000000E+00   0.0000000000000000E+00   0.0000000000000000E+00  -0.8807659201546766E-10   0.1078627164915498E-25
   0.8340000000000000E+01  -0.2730374352479518E-08   0.3343744211238054E-24  -0.2883478032288172E-19  -0.8807659201546766E-10   0.1078627164915498E-25
   0.8340000000000000E+01   0.0000000000000000E+00   0.0000000000000000E+00   0.0000000000000000E+00  -0.8807659201546766E-10   0.1078627164915498E-25
   0.8340000000000000E+01  -0.2818450944494988E-08   0.3451606927729606E-24  -0.2976493452684567E-19  -0.8807659201546766E-10   0.1078627164915498E-25
   0.8340000000000000E+01   0.0000000000000000E+00   0.0000000000000000E+00   0.0000000000000000E+00  -0.8807659201546766E-10   0.1078627164915498E-25
   0.8340000000000000E+01  -0.2906527536510458E-08   0.3559469644221157E-24  -0.3069508873080962E-19  -0.8807659201546766E-10   0.1078627164915498E-25
   0.8340000000000000E+01   0.0000000000000000E+00   0.0000000000000000E+00   0.0000000000000000E+00  -0.8807659201546766E-10   0.1078627164915498E-25
   0.8340000000000000E+01  -0.2994604128525927E-08   0.3667332360712708E-24  -0.3162524293477358E-19  -0.8807659201546766E-10   0.1078627164915498E-25
   0.8340000000000000E+01   0.0000000000000000E+00   0.0000000000000000E+00   0.0000000000000000E+00  -0.8807659201546766E-10   0.1078627164915498E-25
   0.8340000000000000E+01  -0.3082680720541397E-08   0.3775195077204259E-24  -0.3255539713873753E-19  -0.8807659201546766E-10   0.1078627164915498E-25
   0.8340000000000000E+01   0.0000000000000000E+00   0.0000000000000000E+00   0.0000000000000000E+00  -0.8807659201546766E-10   0.1078627164915498E-25
   0.8340000000000000E+01  -0.3170757312556867E-08   0.3883057793695810E-24  -0.3348555134270148E-19  -0.8807659201546766E-10   0.1078627164915498E-25
   0.8340000000000000E+01   0.0000000000000000E+00   0.0000000000000000E+00   0.0000000000000000E+00  -0.8807659201546766E-10   0.1078627164915498E-25
   0.8340000000000000E+01  -0.3258833904572336E-08   0.3990920510187362E-24  -0.3441570554666544E-19  -0.8807659201546766E-10   0.1078627164915498E-25
   0.8340000000000000E+01   0.0000000000000000E+00   0.0000000000000000E+00   0.0000000000000000E+00  -0.8807659201546766E-10   0.1078627164915498E-25
   0.8340000000000000E+01  -0.3346910496587806E-08   0.4098783226678912E-24  -0.3534585975062939E-19  -0.8807659201546766E-10   0.1078627164915498E-25
   0.8340000000000000E+01   0.0000000000000000E+00   0.0000000000000000E+00   0.0000000000000000E+00  -0.8807659201546766E-10   0.1078627164915498E-25
   0.8340000000000000E+01  -0.3434987088603276E-08   0.4206645943170458E-24  -0.3627601395459334E-19  -0.8807659201546766E-10   0.1078627164915498E-25
   0.8340000000000000E+01   0.0000000000000000E+00   0.0000000000000000E+00   0.0000000000000000E+00  -0.8807659201546766E-10   0.1078627164915498E-25
   0.8340000000000000E+01  -0.3523063680618745E-08   0.4314508659662005E-24  -0.3720616815855730E-19  -0.8807659201546766E-10   0.1078627164915498E-25
   0.8340000000000000E+01   0.0000000000000000E+00   0.0000000000000000E+00   0.0000000000000000E+00  -0.8807659201546766E-10   0.1078627164915498E-25
   0.8340000000000000E+01  -0.3611140272634215E-08   0.4422371376153551E-24  -0.3813632236252125E-19  -0.8807659201546766E-10   0.1078627164915498E-25
   0.8340000000000000E+01   0.0000000000000000E+00   0.0000000000000000E+00   0.0000000000000000E+00  -0.8807659201546766E-10   0.1078627164915498E-25
   0.8340000000000000E+01  -0.3699216864649684E-08   0.4530234092645098E-24  -0.3906647656648521E-19  -0.8807659201546766E-10   0.1078627164915498E-25
   0.8340000000000000E+01   0.0000000000000000E+00   0.0000000000000000E+00   0.0000000000000000E+00  -0.8807659201546766E-10   0.1078627164915498E-25
   0.8340000000000000E+01  -0.3787293456665149E-08   0.4638096809136644E-24  -0.3999663077044916E-19  -0.8807659201546766E-10   0.1078627164915498E-25
   0.8340000000000000E+01   0.0000000000000000E+00   0.0000000000000000E+00   0.0000000000000000E+00  -0.8807659201546766E-10   0.1078627164915498E-25
   0.8340000000000000E+01  -0.3875370048680614E-08   0.4745959525628191E-24  -0.4092678497441311E-19  -0.8807659201546766E-10   0.1078627164915498E-25
   0.8340000000000000E+01   0.0000000000000000E+00   0.0000000000000000E+00   0.0000000000000000E+00  -0.8807659201546766E-10   0.1078627164915498E-25
   0.8340000000000000E+01  -0.3963446640696080E-08   0.4853822242119737E-24  -0.4185693917837707E-19  -0.8807659201546766E-10   0.1078627164915498E-25
   0.8340000000000000E+01   0.0000000000000000E+00   0.0000000000000000E+00   0.0000000000000000E+00  -0.8807659201546766E-10   0.1078627164915498E-25
   0.8340000000000000E+01  -0.4051523232711545E-08   0.4961684958611285E-24  -0.4278709338234102E-19  -0.8807659201546766E-10   0.1078627164915498E-25
   0.8340000000000000E+01   0.0000000000000000E+00   0.0000000000000000E+00   0.0000000000000000E+00  -0.8807659201546766E-10   0.1078627164915498E-25
   0.8340000000000000E+01  -0.4139599824727011E-08   0.5069547675102830E-24  -0.4371724758630497E-19  -0.8807659201546766E-10   0.1078627164915498E-25
   0.8340000000000000E+01   0.0000000000000000E+00   0.0000000000000000E+00   0.0000000000000000E+00  -0.8807659201546766E-10   0.1078627164915498E-25
   0.8340000000000000E+01  -0.4227676416742477E-08   0.5177410391594378E-24  -0.4464740179026893E-19  -0.8807659201546766E-10   0.1078627164915498E-25
   0.8340000000000000E+01   0.0000000000000000E+00   0.0000000000000000E+00   0.0000000000000000E+00  -0.8807659201546766E-10   0.1078627164915498E-25
   0.8340000000000000E+01  -0.4315753008757942E-08   0.5285273108085924E-24  -0.4557755599423288E-19  -0.8807659201546766E-10   0.1078627164915498E-25
   0.8340000000000000E+01   0.0000000000000000E+00   0.0000000000000000E+00   0.0000000000000000E+00  -0.8807659201546766E-10   0.1078627164915498E-25
   0.8340000000000000E+01  -0.4403829600773408E-08   0.5393135824577471E-24  -0.4650771019819684E-19  -0.8807659201546766E-10   0.1078627164915498E-25
   0.8340000000000000E+01   0.0000000000000000E+00   0.0000000000000000E+00   0.0000000000000000E+00  -0.8807659201546766E-10   0.1078627164915498E-25
   0.8340000000000000E+01  -0.4491906192788873E-08   0.5500998541069017E-24  -0.4743786440216079E-19  -0.8807659201546766E-10   0.1078627164915498E-25
   0.8340000000000000E+01   0.0000000000000000E+00   0.0000000000000000E+00   0.0000000000000000E+00  -0.8807659201546766E-10   0.1078627164915498E-25
   0.8340000000000000E+01  -0.4579982784804339E-08   0.5608861257560564E-24  -0.4836801860612474E-19  -0.8807659201546766E-10   0.1078627164915498E-25
   0.8340000000000000E+01   0.0000000000000000E+00   0.0000000000000000E+00   0.0000000000000000E+00  -0.8807659201546766E-10   0.1078627164915498E-25
   0.8340000000000000E+01  -0.4668059376819804E-08   0.5716723974052110E-24  -0.4929817281008870E-19  -0.8807659201546766E-10   0.1078627164915498E-25
   0.8340000000000000E+01   0.0000000000000000E+00   0.0000000000000000E+00   0.0000000000000000E+00  -0.8807659201546766E-10   0.1078627164915498E-25
   0.8340000000000000E+01  -0.4756135968835270E-08   0.5824586690543658E-24  -0.5022832701405265E-19  -0.8807659201546766E-10   0.1078627164915498E-25
   0.8340000000000000E+01   0.0000000000000000E+00   0.0000000000000000E+00   0.0000000000000000E+00  -0.8807659201546766E-10   0.1078627164915498E-25
   0.8340000000000000E+01  -0.4844212560850735E-08   0.5932449407035203E-24  -0.5115848121801660E-19  -0.8807659201546766E-10   0.1078627164915498E-25
   0.8340000000000000E+01   0.0000000000000000E+00   0.0000000000000000E+00   0.0000000000000000E+00  -0.8807659201546766E-10   0.1078627164915498E-25
   0.8340000000000000E+01  -0.4932289152866201E-08   0.6040312123526751E-24  -0.5208863542198056E-19  -0.8807659201546766E-10   0.1078627164915498E-25
   0.8340000000000000E+01   0.0000000000000000E+00   0.0000000000000000E+00   0.0000000000000000E+00  -0.8807659201546766E-10   0.1078627164915498E-25
   0.8340000000000000E+01  -0.5020365744881667E-08   0.6148174840018297E-24  -0.5301878962594451E-19  -0.8807659201546766E-10   0.1078627164915498E-25
   0.8340000000000000E+01   0.0000000000000000E+00   0.0000000000000000E+00   0.0000000000000000E+00  -0.8807659201546766E-10   0.1078627164915498E-25
   0.8340000000000000E+01  -0.5108442336897132E-08   0.6256037556509844E-24  -0.5394894382990846E-19  -0.8807659201546766E-10   0.1078627164915498E-25
   0.8340000000000000E+01   0.0000000000000000E+00   0.0000000000000000E+00   0.0000000000000000E+00  -0.8807659201546766E-10   0.1078627164915498E-25
   0.8340000000000000E+01  -0.5196518928912598E-08   0.6363900273001390E-24  -0.5487909803387241E-19  -0.8807659201546766E-10   0.1078627164915498E-25
   0.8340000000000000E+01   0.0000000000000000E+00   0.0000000000000000E+00   0.0000000000000000E+00  -0.8807659201546766E-10   0.1078627164915498E-25
   0.8340000000000000E+01  -0.5284595520928063E-08   0.6471762989492937E-24  -0.5580925223783637E-19  -0.8807659201546766E-10   0.1078627164915498E-25
   0.8340000000000000E+01   0.0000000000000000E+00   0.0000000000000000E+00   0.0000000000000000E+00  -0.8807659201546766E-10   0.1078627164915498E-25
   0.8340000000000000E+01  -0.5372672112943529E-08   0.6579625705984483E-24  -0.5673940644180032E-19  -0.8807659201546766E-10   0.1078627164915498E-25
   0.8340000000000000E+01   0.0000000000000000E+00   0.0000000000000000E+00   0.0000000000000000E+00  -0.8807659201546766E-10   0.1078627164915498E-25
   0.8340000000000000E+01  -0.5460748704958994E-08   0.6687488422476031E-24  -0.5766956064576427E-19  -0.8807659201546766E-10   0.1078627164915498E-25
   0.8340000000000000E+01   0.0000000000000000E+00   0.0000000000000000E+00   0.0000000000000000E+00  -0.8807659201546766E-10   0.1078627164915498E-25
   0.8340000000000000E+01  -0.5548825296974460E-08   0.6795351138967576E-24  -0.5859971484972823E-19  -0.8807659201546766E-10   0.1078627164915498E-25
   0.8340000000000000E+01   0.0000000000000000E+00   0.0000000000000000E+00   0.0000000000000000E+00  -0.8807659201546766E-10   0.1078627164915498E-25
   0.8340000000000000E+01  -0.5636901888989925E-08   0.6903213855459123E-24  -0.5952986905369218E-19  -0.8807659201546766E-10   0.1078627164915498E-25
   0.8340000000000000E+01   0.0000000000000000E+00   0.0000000000000000E+00   0.0000000000000000E+00  -0.8807659201546766E-10   0.1078627164915498E-25
   0.8340000000000000E+01  -0.5724978481005391E-08   0.7011076571950669E-24  -0.6046002325765613E-19  -0.8807659201546766E-10   0.1078627164915498E-25
   0.8340000000000000E+01   0.0000000000000000E+00   0.0000000000000000E+00   0.0000000000000000E+00  -0.8807659201546766E-10   0.1078627164915498E-25
   0.8340000000000000E+01  -0.5813055073020857E-08   0.7118939288442216E-24  -0.6139017746162009E-19  -0.8807659201546766E-10   0.1078627164915498E-25
   0.8340000000000000E+01   0.0000000000000000E+00   0.0000000000000000E+00   0.0000000000000000E+00  -0.8807659201546766E-10   0.1078627164915498E-25
   0.8340000000000000E+01  -0.5901131665036322E-08   0.7226802004933763E-24  -0.6232033166558404E-19  -0.8807659201546766E-10   0.1078627164915498E-25
   0.8340000000000000E+01   0.0000000000000000E+00   0.0000000000000000E+00   0.0000000000000000E+00  -0.8807659201546766E-10   0.1078627164915498E-25
   0.8340000000000000E+01  -0.5989208257051788E-08   0.7334664721425309E-24  -0.6325048586954800E-19  -0.8807659201546766E-10   0.1078627164915498E-25
   0.8340000000000000E+01   0.0000000000000000E+00   0.0000000000000000E+00   0.0000000000000000E+00  -0.8807659201546766E-10   0.1078627164915498E-25
   0.8340000000000000E+01  -0.6077284849067253E-08   0.7442527437916856E-24  -0.6418064007351195E-19  -0.8807659201546766E-10   0.1078627164915498E-25
   0.8340000000000000E+01   0.0000000000000000E+00   0.0000000000000000E+00   0.0000000000000000E+00  -0.8807659201546766E-10   0.1078627164915498E-25
   0.8340000000000000E+01  -0.6165361441082719E-08   0.7550390154408403E-24  -0.6511079427747590E-19  -0.8807659201546766E-10   0.1078627164915498E-25
   0.8340000000000000E+01   0.0000000000000000E+00   0.0000000000000000E+00   0.0000000000000000E+00  -0.8807659201546766E-10   0.1078627164915498E-25
   0.8340000000000000E+01  -0.6253438033098184E-08   0.7658252870899949E-24  -0.6604094848143986E-19  -0.8807659201546766E-10   0.1078627164915498E-25
   0.8340000000000000E+01   0.0000000000000000E+00   0.0000000000000000E+00   0.0000000000000000E+00  -0.8807659201546766E-10   0.1078627164915498E-25
   0.8340000000000000E+01  -0.6341514625113650E-08   0.7766115587391496E-24  -0.6697110268540381E-19  -0.8807659201546766E-10   0.1078627164915498E-25
   0.8340000000000000E+01   0.0000000000000000E+00   0.0000000000000000E+00   0.0000000000000000E+00  -0.8807659201546766E-10   0.1078627164915498E-25
   0.8340000000000000E+01  -0.6429591217129115E-08   0.7873978303883042E-24  -0.6790125688936776E-19  -0.8807659201546766E-10   0.1078627164915498E-25
   0.8340000000000000E+01   0.0000000000000000E+00   0.0000000000000000E+00   0.0000000000000000E+00  -0.8807659201546766E-10   0.1078627164915498E-25
   0.8340000000000000E+01  -0.6517667809144581E-08   0.7981841020374589E-24  -0.6883141109333172E-19  -0.8807659201546766E-10   0.1078627164915498E-25
   0.8340000000000000E+01   0.0000000000000000E+00   0.0000000000000000E+00   0.0000000000000000E+00  -0.8807659201546766E-10   0.1078627164915498E-25
   0.8340000000000000E+01  -0.6605744401160047E-08   0.8089703736866136E-24  -0.6976156529729567E-19  -0.8807659201546766E-10   0.1078627164915498E-25
   0.8340000000000000E+01   0.0000000000000000E+00   0.0000000000000000E+00   0.0000000000000000E+00  -0.8807659201546766E-10   0.1078627164915498E-25
   0.8340000000000000E+01  -0.6693820993175512E-08   0.8197566453357682E-24  -0.7069171950125962E-19  -0.8807659201546766E-10   0.1078627164915498E-25
   0.8340000000000000E+01   0.0000000000000000E+00   0.0000000000000000E+00   0.0000000000000000E+00  -0.8807659201546766E-10   0.1078627164915498E-25
   0.8340000000000000E+01  -0.6781897585190978E-08   0.8305429169849236E-24  -0.7162187370522358E-19  -0.8807659201546766E-10   0.1078627164915498E-25
   0.8340000000000000E+01   0.0000000000000000E+00   0.0000000000000000E+00   0.0000000000000000E+00  -0.8807659201546766E-10   0.1078627164915498E-25
   0.8340000000000000E+01  -0.6869974177206443E-08   0.8413291886340792E-24  -0.7255202790918753E-19  -0.8807659201546766E-10   0.1078627164915498E-25
   0.8340000000000000E+01   0.0000000000000000E+00   0.0000000000000000E+00   0.0000000000000000E+00  -0.8807659201546766E-10   0.1078627164915498E-25
   0.8340000000000000E+01  -0.6958050769221909E-08   0.8521154602832348E-24  -0.7348218211315149E-19  -0.8807659201546766E-10   0.1078627164915498E-25
   0.8340000000000000E+01   0.0000000000000000E+00   0.0000000000000000E+00   0.0000000000000000E+00  -0.8807659201546766E-10   0.1078627164915498E-25
   0.8340000000000000E+01  -0.7046127361237374E-08   0.8629017319323904E-24  -0.7441233631711544E-19  -0.8807659201546766E-10   0.1078627164915498E-25
   0.8340000000000000E+01   0.0000000000000000E+00   0.0000000000000000E+00   0.0000000000000000E+00  -0.8807659201546766E-10   0.1078627164915498E-25
   0.8340000000000000E+01  -0.7134203953252840E-08   0.8736880035815459E-24  -0.7534249052107939E-19  -0.8807659201546766E-10   0.1078627164915498E-25
   0.8340000000000000E+01   0.0000000000000000E+00   0.0000000000000000E+00   0.0000000000000000E+00  -0.8807659201546766E-10   0.1078627164915498E-25
   0.8340000000000000E+01  -0.7222280545268305E-08   0.8844742752307015E-24  -0.7627264472504335E-19  -0.8807659201546766E-10   0.1078627164915498E-25
   0.8340000000000000E+01   0.0000000000000000E+00   0.0000000000000000E+00   0.0000000000000000E+00  -0.8807659201546766E-10   0.1078627164915498E-25
   0.8340000000000000E+01  -0.7310357137283771E-08   0.8952605468798571E-24  -0.7720279892900730E-19  -0.8807659201546766E-10   0.1078627164915498E-25
   0.8340000000000000E+01   0.0000000000000000E+00   0.0000000000000000E+00   0.0000000000000000E+00  -0.8807659201546766E-10   0.1078627164915498E-25
   0.8340000000000000E+01  -0.7398433729299237E-08   0.9060468185290127E-24  -0.7813295313297125E-19  -0.8807659201546766E-10   0.1078627164915498E-25
   0.8340000000000000E+01   0.0000000000000000E+00   0.0000000000000000E+00   0.0000000000000000E+00  -0.8807659201546766E-10   0.1078627164915498E-25
   0.8340000000000000E+01  -0.7486510321314703E-08   0.9168330901781683E-24  -0.7906310733693521E-19  -0.8807659201546766E-10   0.1078627164915498E-25
   0.8340000000000000E+01   0.0000000000000000E+00   0.0000000000000000E+00   0.0000000000000000E+00  -0.8807659201546766E-10   0.1078627164915498E-25
   0.8340000000000000E+01  -0.7574586913330168E-08   0.9276193618273238E-24  -0.7999326154089916E-19  -0.8807659201546766E-10   0.1078627164915498E-25
   0.8340000000000000E+01   0.0000000000000000E+00   0.0000000000000000E+00   0.0000000000000000E+00  -0.8807659201546766E-10   0.1078627164915498E-25
   0.8340000000000000E+01  -0.7662663505345634E-08   0.9384056334764794E-24  -0.8092341574486312E-19  -0.8807659201546766E-10   0.1078627164915498E-25
   0.8340000000000000E+01   0.0000000000000000E+00   0.0000000000000000E+00   0.0000000000000000E+00  -0.8807659201546766E-10   0.1078627164915498E-25
   0.8340000000000000E+01  -0.7750740097361100E-08   0.9491919051256350E-24  -0.8185356994882707E-19  -0.8807659201546766E-10   0.1078627164915498E-25
   0.8340000000000000E+01   0.0000000000000000E+00   0.0000000000000000E+00   0.0000000000000000E+00  -0.8807659201546766E-10   0.1078627164915498E-25
   0.8340000000000000E+01  -0.7838816689376565E-08   0.9599781767747906E-24  -0.8278372415279102E-19  -0.8807659201546766E-10   0.1078627164915498E-25
   0.8340000000000000E+01   0.0000000000000000E+00   0.0000000000000000E+00   0.0000000000000000E+00  -0.8807659201546766E-10   0.1078627164915498E-25
   0.8340000000000000E+01  -0.7926893281392031E-08   0.9707644484239462E-24  -0.8371387835675498E-19  -0.8807659201546766E-10   0.1078627164915498E-25
   0.8340000000000000E+01   0.0000000000000000E+00   0.0000000000000000E+00   0.0000000000000000E+00  -0.8807659201546766E-10   0.1078627164915498E-25
   0.8340000000000000E+01  -0.8014969873407496E-08   0.9815507200731017E-24  -0.8464403256071893E-19  -0.8807659201546766E-10   0.1078627164915498E-25
   0.8340000000000000E+01   0.0000000000000000E+00   0.0000000000000000E+00   0.0000000000000000E+00  -0.8807659201546766E-10   0.1078627164915498E-25
   0.8340000000000000E+01  -0.8103046465422962E-08   0.9923369917222573E-24  -0.8557418676468288E-19  -0.8807659201546766E-10   0.1078627164915498E-25
   0.8340000000000000E+01   0.0000000000000000E+00   0.0000000000000000E+00   0.0000000000000000E+00  -0.8807659201546766E-10   0.1078627164915498E-25
   0.8340000000000000E+01  -0.8191123057438427E-08   0.1003123263371413E-23  -0.8650434096864684E-19  -0.8807659201546766E-10   0.1078627164915498E-25
   0.8340000000000000E+01   0.0000000000000000E+00   0.0000000000000000E+00   0.0000000000000000E+00  -0.8807659201546766E-10   0.1078627164915498E-25
   0.8340000000000000E+01  -0.8279199649453893E-08   0.1013909535020568E-23  -0.8743449517261079E-19  -0.8807659201546766E-10   0.1078627164915498E-25
   0.8340000000000000E+01   0.0000000000000000E+00   0.0000000000000000E+00   0.0000000000000000E+00  -0.8807659201546766E-10   0.1078627164915498E-25
   0.8340000000000000E+01  -0.8367276241469358E-08   0.1024695806669724E-23  -0.8836464937657474E-19  -0.8807659201546766E-10   0.1078627164915498E-25
   0.8340000000000000E+01   0.0000000000000000E+00   0.0000000000000000E+00   0.0000000000000000E+00  -0.8807659201546766E-10   0.1078627164915498E-25
   0.8340000000000000E+01  -0.8455352833484824E-08   0.1035482078318880E-23  -0.8929480358053870E-19  -0.8807659201546766E-10   0.1078627164915498E-25
   0.8340000000000000E+01   0.0000000000000000E+00   0.0000000000000000E+00   0.0000000000000000E+00  -0.8807659201546766E-10   0.1078627164915498E-25
   0.8340000000000000E+01  -0.8543429425500290E-08   0.1046268349968035E-23  -0.9022495778450265E-19  -0.8807659201546766E-10   0.1078627164915498E-25
   0.8340000000000000E+01   0.0000000000000000E+00   0.0000000000000000E+00   0.0000000000000000E+00  -0.8807659201546766E-10   0.1078627164915498E-25
   0.8340000000000000E+01  -0.8631506017515755E-08   0.1057054621617191E-23  -0.9115511198846661E-19  -0.8807659201546766E-10   0.1078627164915498E-25
   0.8340000000000000E+01   0.0000000000000000E+00   0.0000000000000000E+00   0.0000000000000000E+00  -0.8807659201546766E-10   0.1078627164915498E-25
   0.8340000000000000E+01  -0.8719582609531221E-08   0.1067840893266346E-23  -0.9208526619243056E-19  -0.8807659201546766E-10   0.1078627164915498E-25
   0.8340000000000000E+01   0.0000000000000000E+00   0.0000000000000000E+00   0.0000000000000000E+00  -0.8807659201546766E-10   0.1078627164915498E-25
   0.8340000000000000E+01  -0.8807659201546686E-08   0.1078627164915502E-23  -0.9301542039639451E-19  -0.8807659201546766E-10   0.1078627164915498E-25
